"","countyfp","facemask_never","facemask_rarely","facemask_sometimes","facemask_frequently","facemask_always","fips"
"1","01001",0.053,0.074,0.134,0.295,0.444,1001
"2","01003",0.083,0.059,0.098,0.323,0.436,1003
"3","01005",0.067,0.121,0.12,0.201,0.491,1005
"4","01007",0.02,0.034,0.096,0.278,0.572,1007
"5","01009",0.053,0.114,0.18,0.194,0.459,1009
"6","01011",0.031,0.04,0.144,0.286,0.5,1011
"7","01013",0.102,0.053,0.257,0.137,0.451,1013
"8","01015",0.152,0.108,0.13,0.167,0.442,1015
"9","01017",0.117,0.037,0.15,0.136,0.56,1017
"10","01019",0.135,0.027,0.161,0.158,0.52,1019
"11","01021",0.06,0.07,0.058,0.194,0.618,1021
"12","01023",0.049,0.038,0.126,0.219,0.568,1023
"13","01025",0.049,0.088,0.164,0.268,0.43,1025
"14","01027",0.148,0.158,0.195,0.169,0.329,1027
"15","01029",0.151,0.125,0.138,0.217,0.368,1029
"16","01031",0.101,0.152,0.094,0.186,0.466,1031
"17","01033",0.082,0.096,0.152,0.159,0.51,1033
"18","01035",0.099,0.052,0.259,0.192,0.399,1035
"19","01037",0.055,0.131,0.167,0.263,0.384,1037
"20","01039",0.187,0.128,0.129,0.201,0.356,1039
"21","01041",0.06,0.091,0.199,0.233,0.416,1041
"22","01043",0.13,0.024,0.249,0.217,0.379,1043
"23","01045",0.089,0.113,0.118,0.22,0.46,1045
"24","01047",0.095,0.1,0.159,0.122,0.524,1047
"25","01049",0.084,0.051,0.106,0.179,0.58,1049
"26","01051",0.042,0.095,0.127,0.252,0.485,1051
"27","01053",0.114,0.026,0.188,0.285,0.387,1053
"28","01055",0.096,0.103,0.178,0.122,0.501,1055
"29","01057",0.138,0.048,0.151,0.233,0.429,1057
"30","01059",0.065,0.071,0.223,0.156,0.484,1059
"31","01061",0.176,0.131,0.089,0.158,0.445,1061
"32","01063",0.03,0.053,0.127,0.167,0.623,1063
"33","01065",0.026,0.061,0.084,0.191,0.639,1065
"34","01067",0.066,0.068,0.17,0.258,0.438,1067
"35","01069",0.085,0.079,0.135,0.268,0.433,1069
"36","01071",0.092,0.089,0.11,0.249,0.46,1071
"37","01073",0.049,0.037,0.107,0.179,0.628,1073
"38","01075",0.107,0.045,0.132,0.189,0.527,1075
"39","01077",0.093,0.119,0.141,0.179,0.469,1077
"40","01079",0.162,0.08,0.088,0.251,0.419,1079
"41","01081",0.053,0.064,0.138,0.183,0.562,1081
"42","01083",0.102,0.034,0.133,0.336,0.395,1083
"43","01085",0.12,0.073,0.145,0.199,0.464,1085
"44","01087",0.008,0.033,0.241,0.172,0.545,1087
"45","01089",0.062,0.05,0.123,0.177,0.589,1089
"46","01091",0.033,0.151,0.118,0.186,0.512,1091
"47","01093",0.129,0.064,0.246,0.207,0.353,1093
"48","01095",0.075,0.064,0.129,0.253,0.479,1095
"49","01097",0.077,0.07,0.102,0.244,0.506,1097
"50","01099",0.112,0.041,0.182,0.288,0.378,1099
"51","01101",0.056,0.095,0.123,0.212,0.513,1101
"52","01103",0.078,0.077,0.082,0.304,0.459,1103
"53","01105",0.025,0.084,0.087,0.187,0.618,1105
"54","01107",0.031,0.06,0.169,0.157,0.584,1107
"55","01109",0.06,0.131,0.145,0.333,0.33,1109
"56","01111",0.158,0.226,0.105,0.144,0.368,1111
"57","01113",0.069,0.067,0.08,0.213,0.57,1113
"58","01115",0.027,0.134,0.144,0.2,0.495,1115
"59","01117",0.022,0.075,0.118,0.24,0.545,1117
"60","01119",0.055,0.068,0.118,0.197,0.562,1119
"61","01121",0.113,0.15,0.208,0.169,0.361,1121
"62","01123",0.067,0.095,0.136,0.296,0.406,1123
"63","01125",0.041,0.036,0.144,0.247,0.532,1125
"64","01127",0.09,0.081,0.145,0.256,0.429,1127
"65","01129",0.018,0.077,0.102,0.307,0.495,1129
"66","01131",0.061,0.098,0.199,0.187,0.455,1131
"67","01133",0.13,0.046,0.328,0.183,0.312,1133
"68","02013",0.067,0.032,0.034,0.316,0.551,2013
"69","02016",0.078,0.031,0.03,0.337,0.524,2016
"70","02020",0.042,0.05,0.049,0.196,0.663,2020
"71","02050",0.101,0.022,0.014,0.45,0.413,2050
"72","02060",0.048,0.037,0.042,0.308,0.564,2060
"73","02068",0.062,0.081,0.067,0.225,0.565,2068
"74","02070",0.072,0.025,0.027,0.391,0.484,2070
"75","02090",0.094,0.084,0.175,0.234,0.413,2090
"76","02100",0.055,0.05,0.123,0.419,0.352,2100
"77","02105",0.051,0.064,0.13,0.399,0.356,2105
"78","02110",0.051,0.067,0.133,0.396,0.353,2110
"79","02122",0.043,0.047,0.051,0.197,0.662,2122
"80","02130",0.025,0.149,0.174,0.256,0.396,2130
"81","02150",0.042,0.043,0.049,0.233,0.633,2150
"82","02158",0.103,0.022,0.007,0.521,0.347,2158
"83","02164",0.055,0.036,0.04,0.299,0.571,2164
"84","02170",0.042,0.051,0.048,0.198,0.66,2170
"85","02180",0.086,0.061,0.009,0.544,0.3,2180
"86","02185",0.036,0.059,0.235,0.215,0.455,2185
"87","02188",0.035,0.188,0.051,0.474,0.252,2188
"88","02195",0.042,0.095,0.148,0.349,0.365,2195
"89","02198",0.033,0.125,0.161,0.3,0.38,2198
"90","02220",0.048,0.077,0.137,0.381,0.357,2220
"91","02230",0.058,0.038,0.116,0.435,0.354,2230
"92","02240",0.064,0.071,0.14,0.272,0.453,2240
"93","02261",0.04,0.049,0.052,0.197,0.663,2261
"94","02275",0.035,0.119,0.16,0.312,0.374,2275
"95","02282",0.047,0.012,0.078,0.381,0.481,2282
"96","02290",0.044,0.047,0.126,0.425,0.358,2290
"97","04001",0.055,0.063,0.031,0.15,0.701,4001
"98","04003",0.053,0.025,0.147,0.194,0.581,4003
"99","04005",0.039,0.08,0.07,0.11,0.702,4005
"100","04007",0.073,0.014,0.03,0.336,0.547,4007
"101","04009",0.095,0.067,0.237,0.049,0.553,4009
"102","04011",0.111,0.089,0.167,0.089,0.544,4011
"103","04012",0.031,0.064,0.162,0.173,0.57,4012
"104","04013",0.023,0.025,0.059,0.158,0.734,4013
"105","04015",0.051,0.096,0.104,0.164,0.585,4015
"106","04017",0.091,0.108,0.059,0.139,0.602,4017
"107","04019",0.023,0.024,0.073,0.121,0.759,4019
"108","04021",0.033,0.055,0.096,0.148,0.667,4021
"109","04023",0.028,0.002,0.058,0.074,0.837,4023
"110","04025",0.031,0.073,0.081,0.176,0.639,4025
"111","04027",0.008,0.013,0.046,0.129,0.804,4027
"112","05001",0.019,0.073,0.134,0.216,0.557,5001
"113","05003",0.023,0.103,0.163,0.117,0.595,5003
"114","05005",0.15,0.104,0.108,0.104,0.534,5005
"115","05007",0.081,0.034,0.083,0.16,0.643,5007
"116","05009",0.129,0.145,0.122,0.189,0.416,5009
"117","05011",0.094,0.102,0.175,0.184,0.445,5011
"118","05013",0.145,0.132,0.108,0.211,0.404,5013
"119","05015",0.111,0.068,0.115,0.129,0.577,5015
"120","05017",0.104,0.074,0.193,0.097,0.531,5017
"121","05019",0.08,0.091,0.08,0.231,0.518,5019
"122","05021",0.082,0.124,0.157,0.242,0.395,5021
"123","05023",0.036,0.065,0.093,0.259,0.546,5023
"124","05025",0.107,0.03,0.16,0.231,0.472,5025
"125","05027",0.241,0.072,0.054,0.25,0.383,5027
"126","05029",0.071,0.12,0.137,0.347,0.325,5029
"127","05031",0.078,0.123,0.138,0.341,0.32,5031
"128","05033",0.155,0.1,0.167,0.211,0.367,5033
"129","05035",0.059,0.017,0.11,0.306,0.508,5035
"130","05037",0.097,0.017,0.163,0.319,0.404,5037
"131","05039",0.197,0.055,0.093,0.196,0.459,5039
"132","05041",0.078,0.033,0.19,0.189,0.509,5041
"133","05043",0.063,0.049,0.207,0.159,0.523,5043
"134","05045",0.066,0.027,0.077,0.403,0.426,5045
"135","05047",0.149,0.079,0.245,0.187,0.34,5047
"136","05049",0.105,0.121,0.226,0.197,0.351,5049
"137","05051",0.025,0.102,0.068,0.21,0.596,5051
"138","05053",0.082,0.043,0.127,0.258,0.489,5053
"139","05055",0.062,0.141,0.154,0.346,0.297,5055
"140","05057",0.098,0.073,0.096,0.179,0.554,5057
"141","05059",0.059,0.086,0.079,0.216,0.56,5059
"142","05061",0.081,0.07,0.145,0.145,0.56,5061
"143","05063",0.137,0.156,0.088,0.179,0.44,5063
"144","05065",0.086,0.121,0.133,0.23,0.43,5065
"145","05067",0.116,0.103,0.135,0.179,0.468,5067
"146","05069",0.042,0.036,0.172,0.173,0.577,5069
"147","05071",0.144,0.103,0.205,0.221,0.328,5071
"148","05073",0.12,0.082,0.078,0.234,0.486,5073
"149","05075",0.085,0.128,0.153,0.298,0.337,5075
"150","05077",0.103,0.032,0.195,0.263,0.407,5077
"151","05079",0.035,0.016,0.194,0.201,0.554,5079
"152","05081",0.074,0.121,0.106,0.201,0.499,5081
"153","05083",0.148,0.11,0.12,0.143,0.479,5083
"154","05085",0.048,0.045,0.136,0.297,0.474,5085
"155","05087",0.075,0.088,0.159,0.114,0.564,5087
"156","05089",0.171,0.112,0.119,0.108,0.49,5089
"157","05091",0.064,0.124,0.106,0.219,0.487,5091
"158","05093",0.033,0.109,0.134,0.284,0.44,5093
"159","05095",0.068,0.128,0.127,0.271,0.406,5095
"160","05097",0.081,0.095,0.136,0.166,0.521,5097
"161","05099",0.143,0.048,0.084,0.224,0.501,5099
"162","05101",0.107,0.14,0.084,0.261,0.408,5101
"163","05103",0.151,0.097,0.06,0.242,0.449,5103
"164","05105",0.098,0.051,0.08,0.367,0.404,5105
"165","05107",0.052,0.061,0.134,0.276,0.477,5107
"166","05109",0.064,0.061,0.2,0.176,0.501,5109
"167","05111",0.077,0.098,0.141,0.287,0.397,5111
"168","05113",0.18,0.08,0.217,0.076,0.446,5113
"169","05115",0.082,0.151,0.181,0.285,0.302,5115
"170","05117",0.062,0.17,0.103,0.273,0.391,5117
"171","05119",0.028,0.027,0.126,0.175,0.644,5119
"172","05121",0.051,0.145,0.203,0.289,0.311,5121
"173","05123",0.087,0.007,0.289,0.267,0.35,5123
"174","05125",0.066,0.044,0.154,0.212,0.524,5125
"175","05127",0.155,0.14,0.124,0.123,0.458,5127
"176","05129",0.1,0.088,0.125,0.149,0.538,5129
"177","05131",0.121,0.142,0.157,0.208,0.372,5131
"178","05133",0.12,0.093,0.155,0.165,0.467,5133
"179","05135",0.067,0.158,0.22,0.222,0.333,5135
"180","05137",0.067,0.092,0.11,0.234,0.498,5137
"181","05139",0.116,0.179,0.098,0.262,0.344,5139
"182","05141",0.033,0.06,0.096,0.272,0.539,5141
"183","05143",0.034,0.028,0.101,0.186,0.651,5143
"184","05145",0.026,0.054,0.152,0.277,0.491,5145
"185","05147",0.059,0.048,0.208,0.231,0.454,5147
"186","05149",0.116,0.1,0.112,0.198,0.474,5149
"187","06001",0.019,0.008,0.055,0.123,0.795,6001
"188","06003",0.025,0.085,0.088,0.19,0.612,6003
"189","06005",0.045,0.013,0.099,0.188,0.655,6005
"190","06007",0.015,0.043,0.111,0.204,0.626,6007
"191","06009",0.045,0.019,0.098,0.276,0.562,6009
"192","06011",0.027,0.031,0.092,0.151,0.7,6011
"193","06013",0.018,0.016,0.039,0.121,0.806,6013
"194","06015",0.01,0.135,0.112,0.196,0.547,6015
"195","06017",0.028,0.042,0.072,0.183,0.675,6017
"196","06019",0.021,0.022,0.059,0.156,0.741,6019
"197","06021",0.028,0.026,0.146,0.206,0.594,6021
"198","06023",0.042,0.006,0.018,0.069,0.865,6023
"199","06025",0.001,0.005,0.03,0.128,0.836,6025
"200","06027",0.033,0.011,0.008,0.058,0.889,6027
"201","06029",0.022,0.028,0.105,0.177,0.668,6029
"202","06031",0.075,0.016,0.049,0.094,0.766,6031
"203","06033",0.003,0.004,0.007,0.136,0.849,6033
"204","06035",0.064,0.068,0.162,0.225,0.482,6035
"205","06037",0.021,0.013,0.049,0.131,0.786,6037
"206","06039",0.019,0.059,0.048,0.124,0.751,6039
"207","06041",0.011,0,0.046,0.141,0.802,6041
"208","06043",0.01,0.094,0.049,0.186,0.661,6043
"209","06045",0.002,0.003,0.004,0.222,0.77,6045
"210","06047",0.026,0.036,0.089,0.146,0.703,6047
"211","06049",0.068,0.019,0.095,0.204,0.615,6049
"212","06051",0.011,0.026,0.012,0.07,0.88,6051
"213","06053",0.023,0.006,0.066,0.141,0.763,6053
"214","06055",0.017,0.026,0.033,0.149,0.773,6055
"215","06057",0.003,0.054,0.084,0.177,0.682,6057
"216","06059",0.023,0.021,0.046,0.156,0.754,6059
"217","06061",0.012,0.023,0.072,0.201,0.693,6061
"218","06063",0.063,0.067,0.053,0.146,0.671,6063
"219","06065",0.026,0.014,0.041,0.116,0.803,6065
"220","06067",0.025,0.028,0.062,0.164,0.722,6067
"221","06069",0.018,0.004,0.063,0.175,0.739,6069
"222","06071",0.027,0.022,0.048,0.134,0.768,6071
"223","06073",0.017,0.023,0.034,0.126,0.8,6073
"224","06075",0.017,0.011,0.035,0.121,0.817,6075
"225","06077",0.054,0.019,0.081,0.165,0.68,6077
"226","06079",0.025,0.024,0.037,0.169,0.745,6079
"227","06081",0.016,0.013,0.058,0.126,0.786,6081
"228","06083",0.015,0.02,0.075,0.153,0.737,6083
"229","06085",0.015,0.014,0.04,0.168,0.764,6085
"230","06087",0.008,0,0.086,0.109,0.797,6087
"231","06089",0.095,0.056,0.071,0.232,0.547,6089
"232","06091",0.14,0.053,0.047,0.143,0.617,6091
"233","06093",0.132,0.074,0.082,0.167,0.546,6093
"234","06095",0.043,0.046,0.035,0.148,0.728,6095
"235","06097",0.022,0.012,0.022,0.149,0.795,6097
"236","06099",0.032,0.028,0.062,0.173,0.705,6099
"237","06101",0.058,0.031,0.08,0.163,0.669,6101
"238","06103",0.057,0.062,0.141,0.195,0.545,6103
"239","06105",0.081,0.07,0.055,0.201,0.592,6105
"240","06107",0.025,0.039,0.115,0.136,0.685,6107
"241","06109",0.008,0.043,0.084,0.212,0.653,6109
"242","06111",0.024,0.011,0.033,0.156,0.777,6111
"243","06113",0.007,0.005,0.04,0.156,0.791,6113
"244","06115",0.057,0.035,0.071,0.167,0.669,6115
"245","08001",0.032,0.027,0.071,0.185,0.685,8001
"246","08003",0.052,0.133,0.094,0.228,0.493,8003
"247","08005",0.013,0.026,0.065,0.193,0.703,8005
"248","08007",0.041,0.041,0.155,0.276,0.488,8007
"249","08009",0.113,0.053,0.194,0.206,0.435,8009
"250","08011",0.033,0.036,0.172,0.191,0.567,8011
"251","08013",0.008,0.015,0.032,0.195,0.75,8013
"252","08014",0.018,0.005,0.042,0.201,0.734,8014
"253","08015",0.038,0.045,0.134,0.138,0.645,8015
"254","08017",0.016,0.187,0.106,0.398,0.292,8017
"255","08019",0.002,0.015,0.138,0.123,0.723,8019
"256","08021",0.06,0.106,0.093,0.195,0.545,8021
"257","08023",0.034,0.072,0.076,0.175,0.644,8023
"258","08025",0.002,0.034,0.08,0.294,0.59,8025
"259","08027",0.017,0.098,0.153,0.234,0.498,8027
"260","08029",0.087,0.094,0.074,0.295,0.45,8029
"261","08031",0.02,0.018,0.062,0.194,0.707,8031
"262","08033",0.052,0.039,0.066,0.252,0.591,8033
"263","08035",0.013,0.041,0.081,0.192,0.673,8035
"264","08037",0.008,0.003,0.033,0.269,0.687,8037
"265","08039",0.016,0.044,0.19,0.246,0.505,8039
"266","08041",0.031,0.089,0.081,0.196,0.603,8041
"267","08043",0.006,0.069,0.062,0.2,0.663,8043
"268","08045",0.065,0.04,0.037,0.326,0.532,8045
"269","08047",0.001,0.027,0.017,0.17,0.785,8047
"270","08049",0.006,0.002,0.05,0.187,0.754,8049
"271","08051",0.057,0.039,0.043,0.281,0.581,8051
"272","08053",0.043,0.05,0.117,0.271,0.519,8053
"273","08055",0.028,0.051,0.051,0.275,0.595,8055
"274","08057",0.021,0.027,0.09,0.342,0.52,8057
"275","08059",0.028,0.031,0.075,0.194,0.673,8059
"276","08061",0.028,0.051,0.159,0.27,0.492,8061
"277","08063",0.024,0.323,0.119,0.344,0.19,8063
"278","08065",0.002,0.016,0.036,0.193,0.753,8065
"279","08067",0.043,0.02,0.122,0.274,0.541,8067
"280","08069",0.013,0.037,0.06,0.231,0.659,8069
"281","08071",0.052,0.03,0.101,0.17,0.648,8071
"282","08073",0.013,0.068,0.196,0.403,0.321,8073
"283","08075",0.078,0.202,0.101,0.368,0.251,8075
"284","08077",0.075,0.105,0.098,0.222,0.499,8077
"285","08079",0.049,0.072,0.138,0.264,0.478,8079
"286","08081",0.041,0.142,0.162,0.284,0.371,8081
"287","08083",0.057,0.019,0.081,0.257,0.586,8083
"288","08085",0.085,0.092,0.074,0.314,0.436,8085
"289","08087",0.083,0.161,0.116,0.245,0.396,8087
"290","08089",0.004,0.047,0.102,0.194,0.653,8089
"291","08091",0.06,0.08,0.069,0.295,0.495,8091
"292","08093",0.021,0.018,0.103,0.137,0.722,8093
"293","08095",0.05,0.19,0.137,0.255,0.368,8095
"294","08097",0.019,0.014,0.016,0.318,0.633,8097
"295","08099",0.079,0.046,0.205,0.201,0.469,8099
"296","08101",0.018,0.044,0.074,0.28,0.584,8101
"297","08103",0.111,0.092,0.074,0.265,0.458,8103
"298","08105",0.061,0.144,0.11,0.242,0.444,8105
"299","08107",0.008,0.036,0.092,0.375,0.489,8107
"300","08109",0.065,0.122,0.138,0.232,0.443,8109
"301","08111",0.032,0.038,0.097,0.27,0.563,8111
"302","08113",0.043,0.058,0.074,0.26,0.565,8113
"303","08115",0.065,0.162,0.138,0.267,0.368,8115
"304","08117",0,0.001,0.064,0.151,0.784,8117
"305","08119",0.105,0.087,0.066,0.145,0.597,8119
"306","08121",0.077,0.208,0.101,0.303,0.31,8121
"307","08123",0.046,0.038,0.135,0.231,0.55,8123
"308","08125",0.038,0.284,0.133,0.255,0.29,8125
"309","09001",0.027,0.019,0.06,0.114,0.78,9001
"310","09003",0.015,0.023,0.065,0.13,0.767,9003
"311","09005",0.017,0.051,0.021,0.098,0.812,9005
"312","09007",0.003,0.007,0.055,0.128,0.807,9007
"313","09009",0.023,0.014,0.053,0.115,0.795,9009
"314","09011",0.025,0.021,0.066,0.142,0.747,9011
"315","09013",0.008,0.008,0.027,0.147,0.81,9013
"316","09015",0.022,0.041,0.082,0.137,0.718,9015
"317","10001",0.026,0.006,0.106,0.051,0.811,10001
"318","10003",0.027,0.013,0.041,0.133,0.786,10003
"319","10005",0.005,0.001,0.035,0.103,0.856,10005
"320","11001",0.012,0.013,0.069,0.164,0.743,11001
"321","12001",0.001,0.024,0.053,0.17,0.751,12001
"322","12003",0.087,0.076,0.18,0.215,0.442,12003
"323","12005",0.065,0.109,0.076,0.202,0.548,12005
"324","12007",0.106,0.168,0.172,0.173,0.381,12007
"325","12009",0.068,0.073,0.096,0.157,0.607,12009
"326","12011",0.026,0.023,0.043,0.117,0.791,12011
"327","12013",0.034,0.055,0.138,0.267,0.507,12013
"328","12015",0.051,0.049,0.101,0.158,0.64,12015
"329","12017",0.09,0.036,0.087,0.178,0.609,12017
"330","12019",0.055,0.067,0.15,0.209,0.52,12019
"331","12021",0.04,0.023,0.067,0.212,0.658,12021
"332","12023",0.047,0.026,0.288,0.254,0.385,12023
"333","12027",0.023,0.064,0.056,0.142,0.715,12027
"334","12029",0.071,0.095,0.119,0.318,0.397,12029
"335","12031",0.049,0.042,0.086,0.194,0.629,12031
"336","12033",0.019,0.052,0.095,0.31,0.524,12033
"337","12035",0.079,0.05,0.113,0.157,0.602,12035
"338","12037",0.022,0.101,0.237,0.228,0.412,12037
"339","12039",0.06,0.033,0.104,0.227,0.575,12039
"340","12041",0.016,0.151,0.069,0.324,0.44,12041
"341","12043",0.047,0.082,0.098,0.096,0.677,12043
"342","12045",0.046,0.125,0.12,0.249,0.46,12045
"343","12047",0.101,0.071,0.235,0.227,0.365,12047
"344","12049",0.114,0.041,0.179,0.186,0.48,12049
"345","12051",0.046,0.042,0.112,0.15,0.65,12051
"346","12053",0.09,0.04,0.091,0.19,0.589,12053
"347","12055",0.025,0.056,0.145,0.138,0.635,12055
"348","12057",0.023,0.031,0.069,0.155,0.722,12057
"349","12059",0.17,0.077,0.081,0.111,0.562,12059
"350","12061",0.054,0.065,0.082,0.193,0.607,12061
"351","12063",0.064,0.108,0.129,0.174,0.526,12063
"352","12065",0.019,0.017,0.099,0.183,0.682,12065
"353","12067",0.102,0.081,0.22,0.208,0.389,12067
"354","12069",0.047,0.062,0.074,0.185,0.632,12069
"355","12071",0.052,0.05,0.073,0.176,0.648,12071
"356","12073",0.051,0.022,0.071,0.156,0.7,12073
"357","12075",0.017,0.132,0.072,0.187,0.592,12075
"358","12077",0.022,0.023,0.205,0.268,0.482,12077
"359","12079",0.164,0.085,0.148,0.264,0.34,12079
"360","12081",0.074,0.037,0.062,0.201,0.626,12081
"361","12083",0.046,0.087,0.121,0.203,0.543,12083
"362","12085",0.027,0.018,0.066,0.169,0.719,12085
"363","12086",0.032,0.023,0.06,0.128,0.756,12086
"364","12087",0.007,0.001,0.014,0.159,0.819,12087
"365","12089",0.09,0.07,0.147,0.223,0.47,12089
"366","12091",0.091,0.083,0.147,0.21,0.469,12091
"367","12093",0.016,0.034,0.064,0.171,0.715,12093
"368","12095",0.02,0.02,0.072,0.164,0.724,12095
"369","12097",0.025,0.022,0.058,0.176,0.72,12097
"370","12099",0.03,0.02,0.05,0.116,0.784,12099
"371","12101",0.027,0.029,0.055,0.179,0.709,12101
"372","12103",0.025,0.019,0.074,0.133,0.75,12103
"373","12105",0.05,0.063,0.085,0.172,0.63,12105
"374","12107",0.068,0.05,0.114,0.186,0.581,12107
"375","12109",0.047,0.071,0.097,0.223,0.561,12109
"376","12111",0.077,0.022,0.08,0.173,0.648,12111
"377","12113",0.047,0.068,0.166,0.265,0.453,12113
"378","12115",0.017,0.031,0.073,0.175,0.704,12115
"379","12117",0.037,0.039,0.066,0.141,0.717,12117
"380","12119",0.037,0.036,0.064,0.235,0.628,12119
"381","12121",0.105,0.055,0.244,0.227,0.369,12121
"382","12123",0.103,0.086,0.19,0.145,0.476,12123
"383","12125",0.044,0.04,0.176,0.267,0.473,12125
"384","12127",0.035,0.066,0.089,0.192,0.618,12127
"385","12129",0.032,0.092,0.172,0.275,0.429,12129
"386","12131",0.092,0.06,0.092,0.244,0.512,12131
"387","12133",0.138,0.085,0.062,0.158,0.557,12133
"388","13001",0.085,0.117,0.23,0.152,0.416,13001
"389","13003",0.059,0.1,0.179,0.217,0.445,13003
"390","13005",0.071,0.132,0.187,0.188,0.421,13005
"391","13007",0.027,0.048,0.054,0.127,0.743,13007
"392","13009",0.02,0.089,0.107,0.29,0.494,13009
"393","13011",0.136,0.103,0.125,0.238,0.399,13011
"394","13013",0.063,0.086,0.092,0.19,0.568,13013
"395","13015",0.215,0.05,0.123,0.143,0.47,13015
"396","13017",0.129,0.078,0.109,0.202,0.483,13017
"397","13019",0.073,0.098,0.156,0.214,0.46,13019
"398","13021",0.043,0.094,0.176,0.201,0.487,13021
"399","13023",0.089,0.031,0.117,0.256,0.508,13023
"400","13025",0.047,0.129,0.15,0.164,0.51,13025
"401","13027",0.092,0.165,0.124,0.235,0.385,13027
"402","13029",0.033,0.039,0.095,0.238,0.595,13029
"403","13031",0.053,0.049,0.163,0.31,0.424,13031
"404","13033",0.105,0.109,0.087,0.208,0.492,13033
"405","13035",0.125,0.037,0.144,0.163,0.53,13035
"406","13037",0.013,0.035,0.043,0.172,0.737,13037
"407","13039",0.136,0.125,0.17,0.113,0.456,13039
"408","13043",0.037,0.045,0.177,0.264,0.477,13043
"409","13045",0.089,0.133,0.154,0.168,0.457,13045
"410","13047",0.143,0.152,0.114,0.217,0.375,13047
"411","13049",0.065,0.094,0.15,0.196,0.495,13049
"412","13051",0.035,0.04,0.144,0.158,0.624,13051
"413","13053",0.061,0.072,0.108,0.214,0.545,13053
"414","13055",0.116,0.102,0.187,0.143,0.451,13055
"415","13057",0.049,0.054,0.1,0.213,0.584,13057
"416","13059",0.054,0.057,0.06,0.226,0.603,13059
"417","13061",0.028,0.066,0.12,0.223,0.562,13061
"418","13063",0.038,0.054,0.125,0.159,0.624,13063
"419","13065",0.06,0.058,0.134,0.168,0.58,13065
"420","13067",0.039,0.049,0.116,0.225,0.572,13067
"421","13069",0.085,0.124,0.164,0.222,0.404,13069
"422","13071",0.108,0.191,0.074,0.233,0.394,13071
"423","13073",0.061,0.064,0.095,0.234,0.547,13073
"424","13075",0.098,0.134,0.123,0.203,0.441,13075
"425","13077",0.105,0.053,0.183,0.204,0.455,13077
"426","13079",0.057,0.051,0.231,0.192,0.468,13079
"427","13081",0.119,0.023,0.06,0.163,0.635,13081
"428","13083",0.128,0.222,0.13,0.249,0.27,13083
"429","13085",0.049,0.09,0.128,0.162,0.571,13085
"430","13087",0.093,0.04,0.171,0.18,0.516,13087
"431","13089",0.036,0.028,0.075,0.156,0.704,13089
"432","13091",0.145,0.025,0.15,0.236,0.443,13091
"433","13093",0.077,0.034,0.058,0.204,0.627,13093
"434","13095",0.033,0.037,0.045,0.159,0.726,13095
"435","13097",0.083,0.037,0.09,0.198,0.591,13097
"436","13099",0.045,0.062,0.156,0.253,0.485,13099
"437","13101",0.097,0.073,0.182,0.202,0.446,13101
"438","13103",0.044,0.064,0.145,0.272,0.475,13103
"439","13105",0.132,0.177,0.081,0.107,0.503,13105
"440","13107",0.062,0.044,0.142,0.252,0.5,13107
"441","13109",0.03,0.078,0.229,0.29,0.372,13109
"442","13111",0.075,0.088,0.125,0.112,0.6,13111
"443","13113",0.06,0.086,0.131,0.218,0.505,13113
"444","13115",0.186,0.036,0.234,0.148,0.395,13115
"445","13117",0.035,0.048,0.083,0.193,0.641,13117
"446","13119",0.168,0.074,0.117,0.215,0.425,13119
"447","13121",0.026,0.036,0.089,0.187,0.662,13121
"448","13123",0.128,0.042,0.087,0.198,0.545,13123
"449","13125",0.156,0.066,0.107,0.13,0.541,13125
"450","13127",0.048,0.071,0.145,0.251,0.485,13127
"451","13129",0.172,0.1,0.201,0.157,0.369,13129
"452","13131",0.063,0.139,0.116,0.264,0.417,13131
"453","13133",0.062,0.046,0.057,0.176,0.658,13133
"454","13135",0.036,0.054,0.081,0.19,0.639,13135
"455","13137",0.063,0.1,0.116,0.292,0.43,13137
"456","13139",0.061,0.069,0.128,0.198,0.545,13139
"457","13141",0.043,0.111,0.102,0.168,0.575,13141
"458","13143",0.184,0.123,0.165,0.184,0.345,13143
"459","13145",0.093,0.081,0.061,0.213,0.551,13145
"460","13147",0.092,0.061,0.14,0.207,0.5,13147
"461","13149",0.126,0.094,0.166,0.144,0.471,13149
"462","13151",0.103,0.048,0.091,0.181,0.578,13151
"463","13153",0.032,0.079,0.136,0.172,0.581,13153
"464","13155",0.098,0.091,0.126,0.224,0.46,13155
"465","13157",0.125,0.085,0.117,0.24,0.434,13157
"466","13159",0.082,0.059,0.181,0.118,0.56,13159
"467","13161",0.124,0.138,0.165,0.183,0.39,13161
"468","13163",0.251,0.055,0.099,0.102,0.493,13163
"469","13165",0.114,0.053,0.084,0.261,0.488,13165
"470","13167",0.119,0.053,0.109,0.251,0.468,13167
"471","13169",0.049,0.087,0.226,0.209,0.43,13169
"472","13171",0.07,0.06,0.171,0.293,0.406,13171
"473","13173",0.102,0.07,0.145,0.181,0.502,13173
"474","13175",0.122,0.056,0.141,0.291,0.391,13175
"475","13177",0.035,0.033,0.039,0.162,0.732,13177
"476","13179",0.007,0.099,0.066,0.215,0.614,13179
"477","13181",0.073,0.104,0.111,0.233,0.479,13181
"478","13183",0.014,0.119,0.086,0.159,0.621,13183
"479","13185",0.108,0.101,0.149,0.208,0.435,13185
"480","13187",0.035,0.086,0.13,0.245,0.504,13187
"481","13189",0.072,0.053,0.123,0.265,0.488,13189
"482","13191",0.034,0.076,0.188,0.221,0.481,13191
"483","13193",0.078,0.049,0.113,0.21,0.55,13193
"484","13195",0.165,0.084,0.055,0.186,0.511,13195
"485","13197",0.084,0.12,0.167,0.196,0.433,13197
"486","13199",0.109,0.086,0.138,0.15,0.517,13199
"487","13201",0.064,0.056,0.182,0.159,0.539,13201
"488","13205",0.044,0.112,0.055,0.159,0.63,13205
"489","13207",0.072,0.035,0.184,0.253,0.455,13207
"490","13209",0.114,0.083,0.174,0.228,0.401,13209
"491","13211",0.061,0.064,0.093,0.168,0.614,13211
"492","13213",0.193,0.03,0.182,0.177,0.417,13213
"493","13215",0.063,0.073,0.083,0.225,0.555,13215
"494","13217",0.094,0.076,0.123,0.207,0.5,13217
"495","13219",0.049,0.063,0.095,0.181,0.611,13219
"496","13221",0.056,0.082,0.054,0.181,0.627,13221
"497","13223",0.097,0.068,0.108,0.233,0.494,13223
"498","13225",0.027,0.074,0.172,0.16,0.567,13225
"499","13227",0.038,0.118,0.101,0.188,0.555,13227
"500","13229",0.05,0.143,0.127,0.157,0.522,13229
"501","13231",0.059,0.06,0.147,0.192,0.542,13231
"502","13233",0.106,0.071,0.192,0.145,0.485,13233
"503","13235",0.079,0.031,0.098,0.218,0.575,13235
"504","13237",0.059,0.093,0.118,0.214,0.516,13237
"505","13239",0.053,0.15,0.095,0.163,0.538,13239
"506","13241",0.1,0.083,0.124,0.229,0.464,13241
"507","13243",0.016,0.065,0.05,0.2,0.669,13243
"508","13245",0.068,0.059,0.114,0.18,0.578,13245
"509","13247",0.058,0.078,0.115,0.216,0.534,13247
"510","13249",0.07,0.102,0.117,0.214,0.497,13249
"511","13251",0.198,0.069,0.081,0.242,0.41,13251
"512","13253",0.073,0.079,0.202,0.135,0.51,13253
"513","13255",0.072,0.038,0.179,0.202,0.509,13255
"514","13257",0.087,0.116,0.116,0.31,0.37,13257
"515","13259",0.055,0.092,0.133,0.203,0.517,13259
"516","13261",0.055,0.056,0.046,0.202,0.641,13261
"517","13263",0.168,0.08,0.089,0.171,0.492,13263
"518","13265",0.065,0.048,0.086,0.158,0.644,13265
"519","13267",0.051,0.076,0.214,0.224,0.434,13267
"520","13269",0.126,0.069,0.182,0.201,0.422,13269
"521","13271",0.156,0.075,0.134,0.208,0.427,13271
"522","13273",0.019,0.029,0.03,0.167,0.755,13273
"523","13275",0.026,0.096,0.12,0.228,0.53,13275
"524","13277",0.066,0.088,0.122,0.227,0.496,13277
"525","13279",0.097,0.069,0.179,0.226,0.429,13279
"526","13281",0.076,0.096,0.098,0.199,0.531,13281
"527","13283",0.096,0.07,0.168,0.267,0.399,13283
"528","13285",0.175,0.031,0.119,0.178,0.497,13285
"529","13287",0.141,0.042,0.094,0.175,0.547,13287
"530","13289",0.04,0.077,0.188,0.148,0.547,13289
"531","13291",0.065,0.119,0.087,0.168,0.56,13291
"532","13293",0.16,0.1,0.114,0.206,0.421,13293
"533","13295",0.144,0.164,0.117,0.21,0.366,13295
"534","13297",0.106,0.127,0.184,0.141,0.442,13297
"535","13299",0.061,0.108,0.109,0.166,0.556,13299
"536","13301",0.095,0.065,0.14,0.226,0.474,13301
"537","13303",0.104,0.07,0.053,0.157,0.617,13303
"538","13305",0.029,0.139,0.143,0.139,0.55,13305
"539","13307",0.019,0.064,0.103,0.21,0.603,13307
"540","13309",0.135,0.078,0.162,0.23,0.395,13309
"541","13311",0.057,0.064,0.099,0.347,0.433,13311
"542","13313",0.185,0.068,0.203,0.142,0.403,13313
"543","13315",0.173,0.017,0.083,0.157,0.569,13315
"544","13317",0.08,0.086,0.114,0.172,0.548,13317
"545","13319",0.039,0.062,0.141,0.224,0.534,13319
"546","13321",0.069,0.056,0.083,0.187,0.605,13321
"547","15001",0.01,0.032,0.037,0.122,0.799,15001
"548","15003",0.011,0.012,0.027,0.151,0.798,15003
"549","15005",0.026,0.013,0.032,0.08,0.85,15005
"550","15007",0,0.021,0.046,0.108,0.825,15007
"551","15009",0.034,0.016,0.025,0.122,0.803,15009
"552","16001",0.118,0.078,0.084,0.194,0.526,16001
"553","16003",0.094,0.216,0.218,0.218,0.254,16003
"554","16005",0.084,0.193,0.176,0.195,0.352,16005
"555","16007",0.151,0.12,0.102,0.243,0.385,16007
"556","16009",0.038,0.059,0.15,0.152,0.601,16009
"557","16011",0.095,0.197,0.175,0.229,0.304,16011
"558","16013",0.155,0.107,0.102,0.13,0.506,16013
"559","16015",0.057,0.038,0.038,0.549,0.318,16015
"560","16017",0.088,0.116,0.119,0.241,0.436,16017
"561","16019",0.096,0.202,0.188,0.247,0.268,16019
"562","16021",0.045,0.171,0.061,0.185,0.537,16021
"563","16023",0.107,0.213,0.159,0.222,0.298,16023
"564","16025",0.186,0.03,0.047,0.098,0.639,16025
"565","16027",0.113,0.095,0.17,0.24,0.381,16027
"566","16029",0.1,0.181,0.191,0.202,0.326,16029
"567","16031",0.134,0.223,0.102,0.149,0.392,16031
"568","16033",0.119,0.228,0.196,0.239,0.218,16033
"569","16035",0.037,0.112,0.127,0.25,0.475,16035
"570","16037",0.069,0.029,0.199,0.244,0.458,16037
"571","16039",0.206,0.044,0.038,0.173,0.539,16039
"572","16041",0.131,0.118,0.085,0.256,0.41,16041
"573","16043",0.111,0.206,0.202,0.247,0.233,16043
"574","16045",0.119,0.136,0.111,0.198,0.436,16045
"575","16047",0.211,0.202,0.089,0.153,0.345,16047
"576","16049",0.045,0.094,0.164,0.275,0.423,16049
"577","16051",0.099,0.208,0.192,0.249,0.252,16051
"578","16053",0.175,0.219,0.096,0.167,0.343,16053
"579","16055",0.146,0.105,0.17,0.22,0.359,16055
"580","16057",0.002,0.012,0.066,0.328,0.592,16057
"581","16059",0.109,0.173,0.231,0.125,0.362,16059
"582","16061",0.027,0.073,0.157,0.285,0.459,16061
"583","16063",0.18,0.2,0.105,0.135,0.379,16063
"584","16065",0.101,0.207,0.196,0.25,0.245,16065
"585","16067",0.134,0.219,0.106,0.152,0.39,16067
"586","16069",0.009,0.03,0.117,0.326,0.517,16069
"587","16071",0.083,0.173,0.153,0.185,0.406,16071
"588","16073",0.123,0.137,0.146,0.171,0.423,16073
"589","16075",0.081,0.199,0.174,0.242,0.304,16075
"590","16077",0.078,0.205,0.152,0.185,0.381,16077
"591","16079",0.068,0.144,0.299,0.147,0.342,16079
"592","16081",0.099,0.189,0.19,0.25,0.272,16081
"593","16083",0.166,0.222,0.101,0.177,0.335,16083
"594","16085",0.041,0.118,0.102,0.378,0.361,16085
"595","16087",0.136,0.13,0.324,0.172,0.239,16087
"596","17001",0.18,0.092,0.189,0.19,0.35,17001
"597","17003",0.11,0.082,0.148,0.262,0.398,17003
"598","17005",0.07,0.055,0.108,0.218,0.549,17005
"599","17007",0.025,0.006,0.065,0.244,0.66,17007
"600","17009",0.18,0.099,0.136,0.2,0.385,17009
"601","17011",0.012,0.019,0.156,0.208,0.605,17011
"602","17013",0.082,0.06,0.219,0.366,0.273,17013
"603","17015",0.03,0.064,0.12,0.19,0.596,17015
"604","17017",0.103,0.08,0.19,0.187,0.441,17017
"605","17019",0,0.067,0.08,0.192,0.661,17019
"606","17021",0.059,0.057,0.091,0.19,0.603,17021
"607","17023",0.127,0.089,0.107,0.226,0.451,17023
"608","17025",0.062,0.115,0.145,0.306,0.372,17025
"609","17027",0.102,0.063,0.083,0.166,0.587,17027
"610","17029",0.112,0.055,0.201,0.221,0.411,17029
"611","17031",0.023,0.021,0.072,0.162,0.722,17031
"612","17033",0.146,0.196,0.047,0.219,0.392,17033
"613","17035",0.095,0.075,0.194,0.212,0.424,17035
"614","17037",0.007,0.012,0.034,0.191,0.756,17037
"615","17039",0.035,0.106,0.073,0.28,0.507,17039
"616","17041",0.048,0.061,0.105,0.191,0.594,17041
"617","17043",0.01,0.01,0.056,0.163,0.76,17043
"618","17045",0.174,0.09,0.131,0.208,0.398,17045
"619","17047",0.086,0.148,0.233,0.306,0.228,17047
"620","17049",0.072,0.072,0.214,0.232,0.41,17049
"621","17051",0.069,0.076,0.156,0.229,0.47,17051
"622","17053",0.011,0.082,0.167,0.172,0.567,17053
"623","17055",0.099,0.166,0.119,0.211,0.405,17055
"624","17057",0.016,0.03,0.311,0.199,0.444,17057
"625","17059",0.201,0.06,0.128,0.238,0.373,17059
"626","17061",0.136,0.029,0.109,0.217,0.508,17061
"627","17063",0.056,0.056,0.105,0.183,0.599,17063
"628","17065",0.138,0.179,0.1,0.21,0.373,17065
"629","17067",0.147,0.154,0.125,0.163,0.411,17067
"630","17069",0.163,0.072,0.235,0.191,0.34,17069
"631","17071",0.096,0.044,0.101,0.155,0.604,17071
"632","17073",0.067,0.072,0.061,0.203,0.597,17073
"633","17075",0.097,0.168,0.069,0.242,0.424,17075
"634","17077",0.066,0.078,0.151,0.209,0.496,17077
"635","17079",0.099,0.135,0.131,0.254,0.38,17079
"636","17081",0.122,0.126,0.08,0.279,0.393,17081
"637","17083",0.074,0.079,0.124,0.185,0.537,17083
"638","17085",0.034,0.104,0.22,0.178,0.465,17085
"639","17087",0.124,0.05,0.189,0.141,0.496,17087
"640","17089",0.013,0.026,0.048,0.165,0.748,17089
"641","17091",0.044,0.084,0.096,0.249,0.527,17091
"642","17093",0.001,0.009,0.065,0.136,0.788,17093
"643","17095",0.035,0.031,0.194,0.246,0.494,17095
"644","17097",0.02,0.018,0.046,0.146,0.769,17097
"645","17099",0.018,0.046,0.113,0.267,0.556,17099
"646","17101",0.197,0.157,0.105,0.281,0.26,17101
"647","17103",0.013,0.054,0.058,0.224,0.65,17103
"648","17105",0.03,0.147,0.08,0.234,0.51,17105
"649","17107",0.046,0.045,0.23,0.128,0.551,17107
"650","17109",0.041,0.091,0.097,0.182,0.59,17109
"651","17111",0.03,0.012,0.066,0.176,0.716,17111
"652","17113",0.085,0.062,0.091,0.201,0.561,17113
"653","17115",0.016,0.062,0.088,0.286,0.549,17115
"654","17117",0.015,0.05,0.147,0.227,0.561,17117
"655","17119",0.035,0.045,0.083,0.189,0.648,17119
"656","17121",0.1,0.093,0.101,0.302,0.404,17121
"657","17123",0.048,0.083,0.133,0.198,0.538,17123
"658","17125",0.238,0.031,0.292,0.126,0.313,17125
"659","17127",0.097,0.043,0.232,0.256,0.373,17127
"660","17129",0.102,0.047,0.138,0.172,0.54,17129
"661","17131",0.039,0.066,0.11,0.215,0.571,17131
"662","17133",0.003,0.04,0.112,0.174,0.67,17133
"663","17135",0.018,0.05,0.091,0.316,0.525,17135
"664","17137",0.05,0.062,0.177,0.178,0.533,17137
"665","17139",0.081,0.073,0.213,0.243,0.39,17139
"666","17141",0.053,0.045,0.129,0.184,0.589,17141
"667","17143",0.039,0.036,0.096,0.251,0.577,17143
"668","17145",0.055,0.092,0.104,0.358,0.392,17145
"669","17147",0.003,0.052,0.06,0.198,0.688,17147
"670","17149",0.138,0.079,0.218,0.205,0.36,17149
"671","17151",0.104,0.054,0.213,0.214,0.415,17151
"672","17153",0.117,0.064,0.189,0.225,0.405,17153
"673","17155",0.021,0.025,0.168,0.251,0.535,17155
"674","17157",0.008,0.032,0.117,0.391,0.452,17157
"675","17159",0.111,0.151,0.107,0.3,0.331,17159
"676","17161",0.078,0.025,0.066,0.235,0.596,17161
"677","17163",0.032,0.027,0.037,0.138,0.767,17163
"678","17165",0.117,0.106,0.111,0.204,0.462,17165
"679","17167",0.017,0.03,0.155,0.233,0.564,17167
"680","17169",0.132,0.1,0.152,0.198,0.417,17169
"681","17171",0.113,0.057,0.148,0.162,0.52,17171
"682","17173",0.07,0.047,0.168,0.245,0.469,17173
"683","17175",0.013,0.101,0.058,0.155,0.672,17175
"684","17177",0.036,0.059,0.041,0.222,0.644,17177
"685","17179",0.044,0.04,0.141,0.215,0.56,17179
"686","17181",0.1,0.078,0.162,0.195,0.466,17181
"687","17183",0.023,0.119,0.088,0.266,0.504,17183
"688","17185",0.078,0.113,0.271,0.325,0.212,17185
"689","17187",0.042,0.02,0.141,0.276,0.522,17187
"690","17189",0.118,0.046,0.053,0.327,0.456,17189
"691","17191",0.086,0.142,0.128,0.3,0.345,17191
"692","17193",0.19,0.144,0.095,0.239,0.332,17193
"693","17195",0.025,0.066,0.042,0.218,0.649,17195
"694","17197",0.041,0.024,0.062,0.134,0.739,17197
"695","17199",0.095,0.122,0.136,0.183,0.464,17199
"696","17201",0.031,0.03,0.089,0.193,0.657,17201
"697","17203",0.062,0.067,0.112,0.242,0.517,17203
"698","18001",0.136,0.047,0.16,0.348,0.309,18001
"699","18003",0.07,0.14,0.099,0.228,0.464,18003
"700","18005",0.138,0.084,0.085,0.286,0.406,18005
"701","18007",0.082,0.126,0.112,0.183,0.496,18007
"702","18009",0.093,0.152,0.106,0.203,0.447,18009
"703","18011",0.052,0.085,0.142,0.308,0.413,18011
"704","18013",0.055,0.061,0.041,0.184,0.66,18013
"705","18015",0.059,0.104,0.17,0.22,0.447,18015
"706","18017",0.037,0.192,0.283,0.206,0.283,18017
"707","18019",0.068,0.06,0.141,0.228,0.501,18019
"708","18021",0.122,0.073,0.112,0.226,0.466,18021
"709","18023",0.088,0.033,0.132,0.285,0.462,18023
"710","18025",0.067,0.089,0.118,0.261,0.465,18025
"711","18027",0.049,0.061,0.13,0.214,0.546,18027
"712","18029",0.083,0.1,0.168,0.277,0.371,18029
"713","18031",0.175,0.083,0.101,0.204,0.437,18031
"714","18033",0.109,0.074,0.118,0.149,0.55,18033
"715","18035",0.095,0.109,0.124,0.197,0.475,18035
"716","18037",0.01,0.105,0.086,0.25,0.55,18037
"717","18039",0.03,0.097,0.094,0.252,0.528,18039
"718","18041",0.161,0.041,0.048,0.237,0.514,18041
"719","18043",0.053,0.086,0.154,0.233,0.474,18043
"720","18045",0.077,0.089,0.147,0.212,0.474,18045
"721","18047",0.07,0.082,0.104,0.199,0.545,18047
"722","18049",0.142,0.114,0.128,0.217,0.399,18049
"723","18051",0.09,0.1,0.204,0.255,0.351,18051
"724","18053",0.053,0.108,0.133,0.311,0.393,18053
"725","18055",0.099,0.027,0.081,0.235,0.558,18055
"726","18057",0.07,0.051,0.049,0.234,0.596,18057
"727","18059",0.068,0.04,0.166,0.306,0.42,18059
"728","18061",0.094,0.084,0.205,0.258,0.359,18061
"729","18063",0.054,0.052,0.113,0.257,0.523,18063
"730","18065",0.183,0.148,0.125,0.111,0.434,18065
"731","18067",0.008,0.083,0.183,0.301,0.426,18067
"732","18069",0.15,0.182,0.053,0.199,0.416,18069
"733","18071",0.097,0.098,0.105,0.388,0.312,18071
"734","18073",0.186,0.1,0.065,0.328,0.321,18073
"735","18075",0.141,0.139,0.157,0.235,0.328,18075
"736","18077",0.083,0.219,0.218,0.225,0.255,18077
"737","18079",0.095,0.105,0.172,0.308,0.319,18079
"738","18081",0.057,0.094,0.1,0.192,0.557,18081
"739","18083",0.158,0.125,0.121,0.259,0.338,18083
"740","18085",0.073,0.147,0.089,0.195,0.496,18085
"741","18087",0.059,0.082,0.171,0.236,0.452,18087
"742","18089",0.043,0.057,0.088,0.219,0.592,18089
"743","18091",0.084,0.075,0.168,0.206,0.466,18091
"744","18093",0.092,0.117,0.109,0.191,0.491,18093
"745","18095",0.062,0.084,0.15,0.145,0.559,18095
"746","18097",0.051,0.053,0.116,0.232,0.548,18097
"747","18099",0.12,0.103,0.159,0.229,0.389,18099
"748","18101",0.041,0.064,0.123,0.223,0.55,18101
"749","18103",0.054,0.125,0.253,0.226,0.343,18103
"750","18105",0.037,0.037,0.094,0.242,0.591,18105
"751","18107",0.07,0.116,0.168,0.156,0.49,18107
"752","18109",0.06,0.131,0.136,0.188,0.485,18109
"753","18111",0.102,0.153,0.092,0.338,0.316,18111
"754","18113",0.057,0.11,0.135,0.197,0.5,18113
"755","18115",0.06,0.078,0.18,0.223,0.459,18115
"756","18117",0.096,0.086,0.073,0.315,0.43,18117
"757","18119",0.094,0.038,0.087,0.282,0.5,18119
"758","18121",0.116,0.111,0.174,0.195,0.405,18121
"759","18123",0.01,0.109,0.087,0.252,0.542,18123
"760","18125",0.052,0.089,0.163,0.2,0.495,18125
"761","18127",0.05,0.1,0.108,0.231,0.512,18127
"762","18129",0.132,0.056,0.115,0.226,0.472,18129
"763","18131",0.135,0.219,0.171,0.253,0.223,18131
"764","18133",0.075,0.162,0.204,0.194,0.366,18133
"765","18135",0.128,0.13,0.228,0.179,0.336,18135
"766","18137",0.054,0.074,0.15,0.294,0.429,18137
"767","18139",0.133,0.118,0.063,0.279,0.408,18139
"768","18141",0.031,0.04,0.102,0.228,0.598,18141
"769","18143",0.036,0.073,0.168,0.263,0.46,18143
"770","18145",0.16,0.057,0.177,0.193,0.413,18145
"771","18147",0.017,0.134,0.104,0.216,0.529,18147
"772","18149",0.177,0.151,0.088,0.219,0.365,18149
"773","18151",0.04,0.089,0.17,0.169,0.532,18151
"774","18153",0.127,0.071,0.077,0.207,0.517,18153
"775","18155",0.089,0.125,0.209,0.234,0.344,18155
"776","18157",0.093,0.083,0.102,0.204,0.518,18157
"777","18159",0.033,0.082,0.089,0.444,0.352,18159
"778","18161",0.095,0.053,0.106,0.178,0.569,18161
"779","18163",0.07,0.039,0.115,0.234,0.542,18163
"780","18165",0.113,0.105,0.134,0.223,0.426,18165
"781","18167",0.118,0.064,0.102,0.25,0.466,18167
"782","18169",0.07,0.11,0.237,0.202,0.381,18169
"783","18171",0.079,0.115,0.092,0.223,0.492,18171
"784","18173",0.045,0.038,0.117,0.252,0.548,18173
"785","18175",0.097,0.074,0.062,0.356,0.411,18175
"786","18177",0.162,0.09,0.138,0.261,0.348,18177
"787","18179",0.205,0.05,0.077,0.337,0.332,18179
"788","18181",0.056,0.177,0.194,0.189,0.384,18181
"789","18183",0.061,0.186,0.132,0.16,0.46,18183
"790","19001",0.073,0.128,0.128,0.307,0.364,19001
"791","19003",0.148,0.11,0.15,0.311,0.281,19003
"792","19005",0.138,0.049,0.132,0.212,0.469,19005
"793","19007",0.044,0.11,0.239,0.193,0.413,19007
"794","19009",0.224,0.073,0.194,0.187,0.322,19009
"795","19011",0.098,0.067,0.13,0.2,0.504,19011
"796","19013",0.032,0.053,0.18,0.289,0.447,19013
"797","19015",0.09,0.08,0.1,0.197,0.533,19015
"798","19017",0.048,0.062,0.197,0.268,0.424,19017
"799","19019",0.021,0.124,0.087,0.394,0.373,19019
"800","19021",0.183,0.062,0.26,0.207,0.288,19021
"801","19023",0.052,0.094,0.208,0.23,0.417,19023
"802","19025",0.212,0.117,0.213,0.153,0.304,19025
"803","19027",0.153,0.11,0.241,0.139,0.358,19027
"804","19029",0.341,0.07,0.124,0.238,0.227,19029
"805","19031",0.026,0.096,0.142,0.355,0.381,19031
"806","19033",0.061,0.365,0.146,0.213,0.215,19033
"807","19035",0.183,0.105,0.221,0.182,0.309,19035
"808","19037",0.075,0.136,0.197,0.236,0.356,19037
"809","19039",0.078,0.167,0.143,0.194,0.418,19039
"810","19041",0.224,0.035,0.112,0.189,0.441,19041
"811","19043",0.123,0.084,0.137,0.284,0.371,19043
"812","19045",0.092,0.13,0.079,0.269,0.43,19045
"813","19047",0.089,0.045,0.141,0.064,0.66,19047
"814","19049",0.036,0.102,0.118,0.26,0.485,19049
"815","19051",0.038,0.101,0.249,0.201,0.411,19051
"816","19053",0.248,0.132,0.258,0.068,0.294,19053
